13864.89
13782.9
13377.27
13321.99
13321
13327.61
13650
13641.18
13675.56
13383.7
13603.97
13675.4
13741.62
14100
13949.24
13906.04
13907.47
13824.3
13871.41
13867.57
13842.5
13774.84
13550
13711
13659.39
13607
13812
14083.76
14064.93
13845.12
14277.5
14249.42
14380
14748
15315
15770.58
15968.98
15812.41
15727.16
15695.82
15778.6
15604.07
15574.71
15310.61
15144.39
15200
15635.88
15664.9
15615.58
15854.48
15805.66
15508.73
15460.16
15482.76
15412.66
15419.72
15515.89
15703.09
15968.97
15991.01
15802.96
16177
16219.89
16369.99
16494.52
16368.12
16335.79
16376.25
16341.89
16220.84
16073.99
16163.57
16122.66
16170
16118.72
16024.73
16154.07
16401.2
16773.8
16894.93
16842.35
17022.39
17868
17850
18483
18285
18262.59
17982.09
18070.12
17917.51
18189.97
18114.56
18240
18418.62
18824.88
18752.95
18977
18797.98
18925
18815.58
18770.55
18598.08
18607.26
18700
18529.5
18786.31
18720.25
18500
18549.99
19109
19442.13
19291.02
19243.55
19367.4
19490
19137
18911.04
18025.27
17409.15
17308.63
17471.89
17325.83
17082.92
17156.26
17193.41
17263.61
17789.04
17896.03
17896.03
18250
18212.39
18352.47
18638.12
18698.99
19864.15
19755
19731.24
19918.01
19499
19221.41
18977.68
19346.9
19260
19277.42
19306.37
19463.26
19621
19556.86
19552.5
19473.26
19170.43
19080
18982.45
19185.17
19155
19180
19346.9
19259.63
19215.62
19418.39
19431
19400
19273.44
19231.24
19300
19300.55
18979.21
18923.01
18367.78
18373.92
18529.39
18654.92
18562.13
18485.42
18286.56
18430
18290.43
17986.97
18136.33
18177.23
18403.49
18507.18
18522.42
18956.46
18949.16
19359
19416.64
19261.03
19335.81
19259
19300
19346.9
19567.84
19364.97
19449.72
19556.86
19500
19869.67
20899.82
21576.76
22318.45
23777
23730
23500
23271.32
23284.68
23068.23
23166.2
23243.43
23100
24217.38
24094.91
23858.14
23799.8
23922.16
24298.04
24123.83
24077.19
23346.33
23243.43
23074.55
23148.46
23626
23843.21
24037.19
23718.47
24096.9
23679.95
23227.08
23478.68
23467.5
23779.14
23803.62
24661.76
24622.75
24777
25022.59
24998.99
25985.93
26809.5
26937.89
28377.94
27757.74
27288.71
27328.37
27164.98
27473.49
27202
27067.42
26872.01
27067.42
27395
28233
28599.99
28328.68
29010.32
29300
29296.95
29013.87
29219.01
29543.93
29490
29700
29434.27
29686
29990
33099.24
33333
34182
34800
34622.67
33872.26
33669.76
33468.46
32246.97
32054.24
32874.39
31817
32899.8
34500
35879.35
35400
35195.57
37050.83
37800
37988.7
39825.18
40402.46
39754.82
41530
42000
41197.37
41008.81
41270.66
41422.77
40968.13
41450
41185.21
40182.67
39068.28
38261.39
36386.15
35070.26
35650
35900
36639.23
35680.76
35494.17
34338.79
35239.68
35071.03
37800
38187.98
38789
40112.78
39900
39694
38768.07
38145.57
36882.8
37665.03
37944.12
37895.91
37180.05
36723.6
35741.76
36161.61
36839
36181.82
36642
37449.86
36785.26
37319.11
37569.86
37874.71
37179.83
36440.1
35965.51
35179.58
35675.62
35620.96
35000
32753.72
32722.8
31918.84
32054.29
32800
33864.85
33388.28
33468.46
32430.84
32518.88
32990.26
33075.75
32962.34
32397.98
33791.11
33580.67
34888
34014.45
32837.63
32451
32260.43
32953.28
32580.12
31939.12
31089.72
31710.12
31862.61
31936.4
32573.03
33870.58
34404.49
38249.99
38620
36031.03
34931.39
34445.74
34528.48
34800
34380.21
33885.64
34226.9
33298.7
33953.6
34736.1
34459.99
34069.81
34170.68
35665.99
35236.27
36008.67
36871.59
36850
37278.8
37732.87
38367.76
38748.52
37780
37839.99
37528
37836.97
38359.69
38342.46
39673
40505.88
41025.48
40503.74
39660
39727.44
39328.13
39130
39162.1
39549.49
44899
46712.12
47565.86
48216.09
47161.98
47560.04
46992.25
47364.09
46668.03
45344.34
45711.32
46544.36
48481.45
48696.84
49000
48046.49
48200
48219
48220
47996.39
47410
47427.67
48952
49378.19
49714.66
49329.23
49048.82
48037.27
48800.2
48825.7
49938
49371.25
50602.53
49294.57
50236.01
51721.15
51643.06
52640
52566.98
52262.31
52289.81
52220.29
51952.94
52942.79
54924.89
56399.99
56620
56356.04
57553.81
57277.62
56964.56
57844.25
57771.34
58354.14
57564.19
56673.88
54624.89
55046.02
54196.58
51259.27
49582.34
48927.32
51459.51
51443.47
51310.99
50091.97
50918.34
50645.4
52079.16
50063.82
47791.42
46917.05
48476.62
47896.56
48023.27
48365.31
47827.44
47575.17
46659.88
45535.64
45508.8
46000
46875.18
47982.37
49552
49831.52
50250
49308.67
49734.76
48532.07
49488.18
51800
52652.82
51654.42
51817.54
50751.6
50639.6
48688.72
48356.56
47588.99
48787.67
49471.24
49174.63
49133.59
48491.95
49200
49920
51169.77
51355.7
51477.53
51834.49
50983.68
51273.87
52427.8
54445.22
54500
54820
54939.26
55855
55408.08
57164.53
57402.89
56490.04
56367.15
57231.35
58155.99
58098.5
57435.91
57741.11
57683.9
57297.67
60120
60445.25
61781.83
61700
61102.9
60593.79
60748.78
60595.13
59352.76
57341.3
56979.67
56073.14
56449.52
56095.99
56950
57198.24
56355.19
55652.93
58968.8
59559.26
59112.89
60083.25
59292.11
58392.68
58876.44
59280
59450.95
58916.01
59957
59897.4
59479.33
58632.52
57459
57600
58150
57834.09
58461.78
57757.9
57180.74
55350
54816.25
55814.67
55866.44
54728.2
56775
57207.33
56328.15
52896.85
53271.59
52295.25
52708
52921.77
53876.38
54056.51
55114.86
55597.04
55320.86
56279
56686.15
56500
56573.04
56470
56002.16
55902.35
58300
58402.68
58000
57775.23
59313.72
59388.66
59144.94
59093.51
59816.17
59667.15
59599.28
59339.49
59490
59270
59061.51
60103.04
59726.73
59645.83
59293.66
59550
59801.39
59476.18
58756.08
57709
57793.69
58501
58316.42
58401
57759.96
59280
59125
59473.9
58988.86
59029.26
58329.89
58330
58668
56967.47
56555.61
57067.42
57313.18
57950
58145.49
58400
58890.25
58776.15
58615.55
61222.22
60959.42
60756.29
60054.43
60679
60094.04
59930.19
60159.38
60578.4
61234.56
60595.23
60200
61066.96
63199.44
63769
63682.24
64587.15
64895.22
64684.78
63091.86
63500
63333
63132.99
63855.37
63580.4
61860.12
61942.8
62179.17
62596.48
62523.87
61277.56
61000
60433.81
56898.22
56057.38
56816.36
57555
57633
57244.11
56661.09
55820.48
56466.32
56542.92
57119
56850
55875.74
56399
55754.16
54666.32
55225.55
55491.8
53599.39
52131.34
50512.55
50351.57
51378.63
51227.38
50577.6
50389
51053.38
50484.33
50299.95
